eps = 0;

pmin = 0.3;
pmax = 40;

p0 = 3.0;
dph = 0.05;
dpl = 0.02;

xi0 = -0.6;
dxih = 0.02;
dxil = 0.002;
