Z0 = 1.;
E0 = 3.0;
vte = 0.1;
sr = 0.05;
rho = 0;
ctr = 0;
asp = 0;
q = 1.0;
ra = 1.0;
beta = 0.00;
bc_type = 1;
diff_type = 2;
w0 = 0.25;
k10 = 0.2;
k20 = 0.1;
dk10 = 0.05;
wpe = 1.;
