eps = 0;

pmin = 0.3;
pmax = 80;

p0 = 5.0;
dph = 0.04;
dpl = 0.001;

xi0 = -0.5;
dxih = 0.04;
dxil = 0.001;
